2815858805760000; 2; 6; 0; [0, 1]
1187940433680000; 2; 8; 0; [0, 1]
834328535040000; 2; 9; 0; [0, 0]
608225502044160; 2; 10; 0; [0, 1]
351982350720000; 2; 12; 0; [0, 1]
180214963568640; 2; 15; 0; [0, 1]
148492554210000; 2; 16; 0; [0, 1]
104291066880000; 2; 18; 0; [0, 1]
76028187755520; 2; 20; 0; [0, 1]
43997793840000; 2; 24; 0; [0, 1]
22526870446080; 2; 30; 0; [0, 1]
18561569276250; 2; 32; 0; [0, 1]
13036383360000; 2; 36; 0; [0, 1]
9503523469440; 2; 40; 0; [0, 1]
6674628280320; 2; 45; 0; [0, 1]
5499724230000; 2; 48; 0; [0, 1]
2815858805760; 2; 60; 1; [0, 1]
1629547920000; 2; 72; 1; [0, 1]
1187940433680; 2; 80; 0; [0, 1]
834328535040; 2; 90; 1; [0, 1]
687465528750; 2; 96; 1; [0, 1]
351982350720; 2; 120; 3; [0, 1]
203693490000; 2; 144; 2; [0, 1]
148492554210; 2; 160; 1; [0, 1]
104291066880; 2; 180; 4; [0, 1]
43997793840; 2; 240; 6; [0, 1]
25461686250; 2; 288; 5; [0, 1]
13036383360; 2; 360; 10; [0, 1]
5499724230; 2; 480; 11; [0, 1]
1629547920; 2; 720; 18; [0, 1]
203693490; 2; 1440; 30; [0, 1]
1251492802560000; 3; 6; 0; [0, 1]
527973526080000; 3; 8; 0; [0, 1]
370812682240000; 3; 9; 0; [0, 0]
270322445352960; 3; 10; 0; [0, 1]
156436600320000; 3; 12; 0; [0, 1]
80095539363840; 3; 15; 0; [0, 1]
65996690760000; 3; 16; 0; [0, 1]
46351585280000; 3; 18; 0; [0, 1]
33790305669120; 3; 20; 0; [0, 1]
19554575040000; 3; 24; 0; [0, 1]
10011942420480; 3; 30; 0; [0, 1]
8249586345000; 3; 32; 0; [0, 1]
5793948160000; 3; 36; 0; [0, 1]
4223788208640; 3; 40; 1; [0, 1]
2966501457920; 3; 45; 0; [0, 1]
2444321880000; 3; 48; 1; [0, 1]
1251492802560; 3; 60; 1; [0, 1]
1031198293125; 3; 64; 1; [0, 1]
724243520000; 3; 72; 1; [0, 1]
527973526080; 3; 80; 2; [0, 1]
370812682240; 3; 90; 1; [0, 1]
305540235000; 3; 96; 2; [0, 1]
156436600320; 3; 120; 4; [0, 1]
90530440000; 3; 144; 3; [0, 1]
65996690760; 3; 160; 4; [0, 1]
46351585280; 3; 180; 4; [0, 1]
38192529375; 3; 192; 4; [0, 1]
19554575040; 3; 240; 8; [0, 1]
11316305000; 3; 288; 6; [0, 1]
8249586345; 3; 320; 6; [0, 1]
5793948160; 3; 360; 11; [0, 1]
2444321880; 3; 480; 14; [0, 1]
1414538125; 3; 576; 10; [0, 1]
724243520; 3; 720; 20; [0, 1]
305540235; 3; 960; 21; [0, 1]
90530440; 3; 1440; 33; [0, 1]
11316305; 3; 2880; 48; [0, 1]
703964701440000; 4; 6; 0; [0, 1]
296985108420000; 4; 8; 0; [0, 1]
208582133760000; 4; 9; 0; [0, 0]
152056375511040; 4; 10; 0; [0, 1]
87995587680000; 4; 12; 0; [0, 1]
45053740892160; 4; 15; 0; [0, 1]
37123138552500; 4; 16; 0; [0, 1]
26072766720000; 4; 18; 0; [0, 1]
19007046938880; 4; 20; 0; [0, 1]
10999448460000; 4; 24; 0; [0, 1]
5631717611520; 4; 30; 1; [0, 1]
3259095840000; 4; 36; 1; [0, 1]
2375880867360; 4; 40; 0; [0, 1]
1668657070080; 4; 45; 0; [0, 1]
1374931057500; 4; 48; 1; [0, 1]
703964701440; 4; 60; 2; [0, 1]
407386980000; 4; 72; 1; [0, 1]
296985108420; 4; 80; 1; [0, 1]
208582133760; 4; 90; 3; [0, 1]
87995587680; 4; 120; 4; [0, 1]
50923372500; 4; 144; 4; [0, 1]
26072766720; 4; 180; 6; [0, 1]
10999448460; 4; 240; 8; [0, 1]
3259095840; 4; 360; 12; [0, 1]
407386980; 4; 720; 21; [0, 1]
450537408921600; 5; 6; 0; [0, 1]
190070469388800; 5; 8; 0; [0, 1]
133492565606400; 5; 9; 0; [0, 0]
56317176115200; 5; 12; 0; [0, 1]
23758808673600; 5; 16; 0; [0, 1]
16686570700800; 5; 18; 0; [0, 1]
7039647014400; 5; 24; 1; [0, 1]
2969851084200; 5; 32; 0; [0, 1]
2085821337600; 5; 36; 1; [0, 1]
879955876800; 5; 48; 2; [0, 1]
371231385525; 5; 64; 1; [0, 1]
260727667200; 5; 72; 3; [0, 1]
109994484600; 5; 96; 4; [0, 1]
32590958400; 5; 144; 6; [0, 1]
13749310575; 5; 192; 6; [0, 1]
4073869800; 5; 288; 10; [0, 1]
509233725; 5; 576; 15; [0, 1]
312873200640000; 6; 6; 0; [1, 1]
131993381520000; 6; 8; 0; [1, 1]
92703170560000; 6; 9; 0; [1, 0]
67580611338240; 6; 10; 0; [1, 1]
39109150080000; 6; 12; 0; [1, 1]
20023884840960; 6; 15; 0; [1, 1]
16499172690000; 6; 16; 0; [1, 1]
11587896320000; 6; 18; 0; [1, 1]
8447576417280; 6; 20; 1; [1, 1]
4888643760000; 6; 24; 2; [1, 1]
2502985605120; 6; 30; 2; [1, 1]
2062396586250; 6; 32; 1; [1, 1]
1448487040000; 6; 36; 1; [1, 1]
1055947052160; 6; 40; 3; [1, 1]
741625364480; 6; 45; 1; [1, 1]
611080470000; 6; 48; 3; [1, 1]
312873200640; 6; 60; 5; [1, 1]
181060880000; 6; 72; 5; [1, 1]
131993381520; 6; 80; 5; [1, 1]
92703170560; 6; 90; 5; [1, 1]
76385058750; 6; 96; 6; [1, 1]
39109150080; 6; 120; 11; [1, 1]
22632610000; 6; 144; 8; [1, 1]
16499172690; 6; 160; 9; [1, 1]
11587896320; 6; 180; 13; [1, 1]
4888643760; 6; 240; 19; [1, 1]
2829076250; 6; 288; 15; [1, 1]
1448487040; 6; 360; 27; [1, 1]
611080470; 6; 480; 31; [1, 1]
181060880; 6; 720; 45; [1, 1]
22632610; 6; 1440; 71; [1, 1]
229866024960000; 7; 6; 0; [0, 1]
96974729280000; 7; 8; 0; [0, 1]
68108451840000; 7; 9; 0; [0, 0]
49651061391360; 7; 10; 0; [0, 1]
28733253120000; 7; 12; 0; [0, 1]
14711425597440; 7; 15; 0; [0, 1]
12121841160000; 7; 16; 0; [0, 1]
8513556480000; 7; 18; 0; [0, 1]
6206382673920; 7; 20; 0; [0, 1]
3591656640000; 7; 24; 1; [0, 1]
1838928199680; 7; 30; 1; [0, 1]
1515230145000; 7; 32; 0; [0, 1]
1064194560000; 7; 36; 1; [0, 1]
775797834240; 7; 40; 1; [0, 1]
544867614720; 7; 45; 0; [0, 1]
448957080000; 7; 48; 2; [0, 1]
229866024960; 7; 60; 3; [0, 1]
189403768125; 7; 64; 1; [0, 1]
133024320000; 7; 72; 3; [0, 1]
96974729280; 7; 80; 2; [0, 1]
68108451840; 7; 90; 3; [0, 1]
56119635000; 7; 96; 4; [0, 1]
28733253120; 7; 120; 7; [0, 1]
16628040000; 7; 144; 6; [0, 1]
12121841160; 7; 160; 4; [0, 1]
8513556480; 7; 180; 8; [0, 1]
7014954375; 7; 192; 6; [0, 1]
3591656640; 7; 240; 12; [0, 1]
2078505000; 7; 288; 10; [0, 1]
1515230145; 7; 320; 6; [0, 1]
1064194560; 7; 360; 17; [0, 1]
448957080; 7; 480; 19; [0, 1]
259813125; 7; 576; 15; [0, 1]
133024320; 7; 720; 28; [0, 1]
56119635; 7; 960; 27; [0, 1]
16628040; 7; 1440; 43; [0, 1]
2078505; 7; 2880; 60; [0, 1]
175991175360000; 8; 6; 0; [1, 1]
74246277105000; 8; 8; 0; [1, 1]
52145533440000; 8; 9; 0; [1, 0]
38014093877760; 8; 10; 0; [1, 1]
21998896920000; 8; 12; 0; [1, 1]
11263435223040; 8; 15; 1; [1, 1]
9280784638125; 8; 16; 0; [1, 1]
6518191680000; 8; 18; 1; [1, 1]
4751761734720; 8; 20; 0; [1, 1]
2749862115000; 8; 24; 2; [1, 1]
1407929402880; 8; 30; 3; [1, 1]
814773960000; 8; 36; 2; [1, 1]
593970216840; 8; 40; 2; [1, 1]
417164267520; 8; 45; 2; [1, 1]
343732764375; 8; 48; 3; [1, 1]
175991175360; 8; 60; 6; [1, 1]
101846745000; 8; 72; 6; [1, 1]
74246277105; 8; 80; 3; [1, 1]
52145533440; 8; 90; 8; [1, 1]
21998896920; 8; 120; 12; [1, 1]
12730843125; 8; 144; 9; [1, 1]
6518191680; 8; 180; 16; [1, 1]
2749862115; 8; 240; 19; [1, 1]
814773960; 8; 360; 30; [1, 1]
101846745; 8; 720; 47; [1, 1]
139054755840000; 9; 6; 0; [0, 1]
58663725120000; 9; 8; 0; [0, 1]
30035827261440; 9; 10; 0; [0, 1]
17381844480000; 9; 12; 0; [0, 1]
8899504373760; 9; 15; 0; [0, 1]
7332965640000; 9; 16; 0; [0, 1]
3754478407680; 9; 20; 0; [0, 1]
2172730560000; 9; 24; 1; [0, 1]
1112438046720; 9; 30; 1; [0, 1]
916620705000; 9; 32; 0; [0, 1]
469309800960; 9; 40; 1; [0, 1]
271591320000; 9; 48; 2; [0, 1]
139054755840; 9; 60; 3; [0, 1]
114577588125; 9; 64; 1; [0, 1]
58663725120; 9; 80; 2; [0, 1]
33948915000; 9; 96; 4; [0, 1]
17381844480; 9; 120; 7; [0, 1]
7332965640; 9; 160; 4; [0, 1]
4243614375; 9; 192; 6; [0, 1]
2172730560; 9; 240; 12; [0, 1]
916620705; 9; 320; 6; [0, 1]
271591320; 9; 480; 19; [0, 1]
33948915; 9; 960; 27; [0, 1]
112634352230400; 10; 6; 0; [1, 1]
47517617347200; 10; 8; 0; [1, 1]
33373141401600; 10; 9; 0; [1, 0]
14079294028800; 10; 12; 1; [1, 1]
5939702168400; 10; 16; 0; [1, 1]
4171642675200; 10; 18; 1; [1, 1]
1759911753600; 10; 24; 3; [1, 1]
742462771050; 10; 32; 1; [1, 1]
521455334400; 10; 36; 3; [1, 1]
219988969200; 10; 48; 5; [1, 1]
65181916800; 10; 72; 8; [1, 1]
27498621150; 10; 96; 9; [1, 1]
8147739600; 10; 144; 13; [1, 1]
1018467450; 10; 288; 22; [1, 1]
78218300160000; 12; 6; 0; [1, 1]
32998345380000; 12; 8; 0; [1, 1]
23175792640000; 12; 9; 0; [1, 0]
16895152834560; 12; 10; 1; [1, 1]
9777287520000; 12; 12; 2; [1, 1]
5005971210240; 12; 15; 1; [1, 1]
4124793172500; 12; 16; 1; [1, 1]
2896974080000; 12; 18; 1; [1, 1]
2111894104320; 12; 20; 2; [1, 1]
1222160940000; 12; 24; 3; [1, 1]
625746401280; 12; 30; 4; [1, 1]
362121760000; 12; 36; 4; [1, 1]
263986763040; 12; 40; 5; [1, 1]
185406341120; 12; 45; 3; [1, 1]
152770117500; 12; 48; 6; [1, 1]
78218300160; 12; 60; 11; [1, 1]
45265220000; 12; 72; 8; [1, 1]
32998345380; 12; 80; 9; [1, 1]
23175792640; 12; 90; 11; [1, 1]
9777287520; 12; 120; 20; [1, 1]
5658152500; 12; 144; 15; [1, 1]
2896974080; 12; 180; 25; [1, 1]
1222160940; 12; 240; 33; [1, 1]
362121760; 12; 360; 46; [1, 1]
45265220; 12; 720; 75; [1, 1]
57466506240000; 14; 6; 0; [1, 1]
24243682320000; 14; 8; 0; [1, 1]
17027112960000; 14; 9; 0; [1, 0]
12412765347840; 14; 10; 0; [1, 1]
7183313280000; 14; 12; 1; [1, 1]
3677856399360; 14; 15; 1; [1, 1]
3030460290000; 14; 16; 0; [1, 1]
2128389120000; 14; 18; 1; [1, 1]
1551595668480; 14; 20; 1; [1, 1]
897914160000; 14; 24; 3; [1, 1]
459732049920; 14; 30; 3; [1, 1]
378807536250; 14; 32; 1; [1, 1]
266048640000; 14; 36; 3; [1, 1]
193949458560; 14; 40; 3; [1, 1]
136216903680; 14; 45; 2; [1, 1]
112239270000; 14; 48; 5; [1, 1]
57466506240; 14; 60; 8; [1, 1]
33256080000; 14; 72; 8; [1, 1]
24243682320; 14; 80; 5; [1, 1]
17027112960; 14; 90; 8; [1, 1]
14029908750; 14; 96; 9; [1, 1]
7183313280; 14; 120; 16; [1, 1]
4157010000; 14; 144; 13; [1, 1]
3030460290; 14; 160; 9; [1, 1]
2128389120; 14; 180; 19; [1, 1]
897914160; 14; 240; 26; [1, 1]
519626250; 14; 288; 22; [1, 1]
266048640; 14; 360; 37; [1, 1]
112239270; 14; 480; 40; [1, 1]
33256080; 14; 720; 59; [1, 1]
4157010; 14; 1440; 89; [1, 1]
50059712102400; 15; 6; 0; [1, 1]
21118941043200; 15; 8; 1; [1, 1]
14832507289600; 15; 9; 0; [1, 0]
6257464012800; 15; 12; 1; [1, 1]
2639867630400; 15; 16; 1; [1, 1]
1854063411200; 15; 18; 1; [1, 1]
782183001600; 15; 24; 3; [1, 1]
329983453800; 15; 32; 2; [1, 1]
231757926400; 15; 36; 3; [1, 1]
97772875200; 15; 48; 6; [1, 1]
41247931725; 15; 64; 4; [1, 1]
28969740800; 15; 72; 8; [1, 1]
12221609400; 15; 96; 10; [1, 1]
3621217600; 15; 144; 14; [1, 1]
1527701175; 15; 192; 15; [1, 1]
452652200; 15; 288; 23; [1, 1]
56581525; 15; 576; 33; [1, 1]
43997793840000; 16; 6; 0; [1, 1]
18561569276250; 16; 8; 0; [1, 1]
13036383360000; 16; 9; 0; [1, 0]
9503523469440; 16; 10; 0; [1, 1]
5499724230000; 16; 12; 1; [1, 1]
2815858805760; 16; 15; 1; [1, 1]
1629547920000; 16; 18; 1; [1, 1]
1187940433680; 16; 20; 1; [1, 1]
687465528750; 16; 24; 2; [1, 1]
351982350720; 16; 30; 3; [1, 1]
203693490000; 16; 36; 3; [1, 1]
148492554210; 16; 40; 2; [1, 1]
104291066880; 16; 45; 2; [1, 1]
43997793840; 16; 60; 8; [1, 1]
25461686250; 16; 72; 7; [1, 1]
13036383360; 16; 90; 8; [1, 1]
5499724230; 16; 120; 14; [1, 1]
1629547920; 16; 180; 19; [1, 1]
203693490; 16; 360; 34; [1, 1]
34763688960000; 18; 6; 0; [1, 1]
14665931280000; 18; 8; 1; [1, 1]
7508956815360; 18; 10; 1; [1, 1]
4345461120000; 18; 12; 1; [1, 1]
2224876093440; 18; 15; 1; [1, 1]
1833241410000; 18; 16; 1; [1, 1]
938619601920; 18; 20; 3; [1, 1]
543182640000; 18; 24; 4; [1, 1]
278109511680; 18; 30; 4; [1, 1]
229155176250; 18; 32; 3; [1, 1]
117327450240; 18; 40; 7; [1, 1]
67897830000; 18; 48; 7; [1, 1]
34763688960; 18; 60; 11; [1, 1]
14665931280; 18; 80; 11; [1, 1]
8487228750; 18; 96; 13; [1, 1]
4345461120; 18; 120; 23; [1, 1]
1833241410; 18; 160; 18; [1, 1]
543182640; 18; 240; 38; [1, 1]
67897830; 18; 480; 59; [1, 1]
28158588057600; 20; 6; 1; [1, 1]
11879404336800; 20; 8; 0; [1, 1]
8343285350400; 20; 9; 0; [1, 0]
3519823507200; 20; 12; 2; [1, 1]
1484925542100; 20; 16; 1; [1, 1]
1042910668800; 20; 18; 3; [1, 1]
439977938400; 20; 24; 5; [1, 1]
130363833600; 20; 36; 6; [1, 1]
54997242300; 20; 48; 9; [1, 1]
16295479200; 20; 72; 13; [1, 1]
2036934900; 20; 144; 22; [1, 1]
25540669440000; 21; 6; 0; [1, 1]
10774969920000; 21; 8; 1; [1, 1]
7567605760000; 21; 9; 0; [1, 0]
5516784599040; 21; 10; 1; [1, 1]
3192583680000; 21; 12; 1; [1, 1]
1634602844160; 21; 15; 0; [1, 1]
1346871240000; 21; 16; 1; [1, 1]
945950720000; 21; 18; 1; [1, 1]
689598074880; 21; 20; 2; [1, 1]
399072960000; 21; 24; 3; [1, 1]
204325355520; 21; 30; 3; [1, 1]
168358905000; 21; 32; 2; [1, 1]
118243840000; 21; 36; 3; [1, 1]
86199759360; 21; 40; 5; [1, 1]
60540846080; 21; 45; 1; [1, 1]
49884120000; 21; 48; 6; [1, 1]
25540669440; 21; 60; 8; [1, 1]
21044863125; 21; 64; 4; [1, 1]
14780480000; 21; 72; 8; [1, 1]
10774969920; 21; 80; 8; [1, 1]
7567605760; 21; 90; 8; [1, 1]
6235515000; 21; 96; 10; [1, 1]
3192583680; 21; 120; 17; [1, 1]
1847560000; 21; 144; 14; [1, 1]
1346871240; 21; 160; 13; [1, 1]
945950720; 21; 180; 19; [1, 1]
779439375; 21; 192; 15; [1, 1]
399072960; 21; 240; 28; [1, 1]
230945000; 21; 288; 23; [1, 1]
168358905; 21; 320; 18; [1, 1]
118243840; 21; 360; 38; [1, 1]
49884120; 21; 480; 43; [1, 1]
28868125; 21; 576; 33; [1, 1]
14780480; 21; 720; 61; [1, 1]
6235515; 21; 960; 60; [1, 1]
1847560; 21; 1440; 92; [1, 1]
230945; 21; 2880; 127; [1, 1]
19554575040000; 24; 6; 1; [1, 1]
8249586345000; 24; 8; 1; [1, 1]
5793948160000; 24; 9; 0; [1, 0]
4223788208640; 24; 10; 2; [1, 1]
2444321880000; 24; 12; 2; [1, 1]
1251492802560; 24; 15; 2; [1, 1]
1031198293125; 24; 16; 1; [1, 1]
724243520000; 24; 18; 3; [1, 1]
527973526080; 24; 20; 4; [1, 1]
305540235000; 24; 24; 7; [1, 1]
156436600320; 24; 30; 8; [1, 1]
90530440000; 24; 36; 6; [1, 1]
65996690760; 24; 40; 8; [1, 1]
46351585280; 24; 45; 5; [1, 1]
38192529375; 24; 48; 10; [1, 1]
19554575040; 24; 60; 16; [1, 1]
11316305000; 24; 72; 15; [1, 1]
8249586345; 24; 80; 13; [1, 1]
5793948160; 24; 90; 19; [1, 1]
2444321880; 24; 120; 32; [1, 1]
1414538125; 24; 144; 23; [1, 1]
724243520; 24; 180; 38; [1, 1]
305540235; 24; 240; 49; [1, 1]
90530440; 24; 360; 70; [1, 1]
11316305; 24; 720; 108; [1, 1]
18021496356864; 25; 6; 0; [0, 1]
7602818775552; 25; 8; 0; [0, 1]
5339702624256; 25; 9; 0; [0, 0]
2252687044608; 25; 12; 0; [0, 1]
950352346944; 25; 16; 0; [0, 1]
667462828032; 25; 18; 0; [0, 1]
281585880576; 25; 24; 1; [0, 1]
118794043368; 25; 32; 0; [0, 1]
83432853504; 25; 36; 1; [0, 1]
35198235072; 25; 48; 2; [0, 1]
14849255421; 25; 64; 1; [0, 1]
10429106688; 25; 72; 3; [0, 1]
4399779384; 25; 96; 4; [0, 1]
1303638336; 25; 144; 6; [0, 1]
549972423; 25; 192; 6; [0, 1]
162954792; 25; 288; 10; [0, 1]
20369349; 25; 576; 15; [0, 1]
6518191680000; 27; 8; 1; [1, 1]
3337314140160; 27; 10; 1; [1, 1]
814773960000; 27; 16; 1; [1, 1]
417164267520; 27; 20; 2; [1, 1]
101846745000; 27; 32; 2; [1, 1]
52145533440; 27; 40; 5; [1, 1]
12730843125; 27; 64; 4; [1, 1]
6518191680; 27; 80; 8; [1, 1]
814773960; 27; 160; 13; [1, 1]
101846745; 27; 320; 18; [1, 1]
14366626560000; 28; 6; 1; [1, 1]
6060920580000; 28; 8; 0; [1, 1]
4256778240000; 28; 9; 0; [1, 0]
3103191336960; 28; 10; 1; [1, 1]
1795828320000; 28; 12; 2; [1, 1]
919464099840; 28; 15; 2; [1, 1]
757615072500; 28; 16; 1; [1, 1]
532097280000; 28; 18; 3; [1, 1]
387898917120; 28; 20; 2; [1, 1]
224478540000; 28; 24; 5; [1, 1]
114933012480; 28; 30; 7; [1, 1]
66512160000; 28; 36; 6; [1, 1]
48487364640; 28; 40; 5; [1, 1]
34054225920; 28; 45; 4; [1, 1]
28059817500; 28; 48; 9; [1, 1]
14366626560; 28; 60; 14; [1, 1]
8314020000; 28; 72; 13; [1, 1]
6060920580; 28; 80; 9; [1, 1]
4256778240; 28; 90; 16; [1, 1]
1795828320; 28; 120; 26; [1, 1]
1039252500; 28; 144; 22; [1, 1]
532097280; 28; 180; 32; [1, 1]
224478540; 28; 240; 42; [1, 1]
66512160; 28; 360; 59; [1, 1]
8314020; 28; 720; 93; [1, 1]
12514928025600; 30; 6; 1; [1, 1]
5279735260800; 30; 8; 2; [1, 1]
3708126822400; 30; 9; 0; [1, 0]
1564366003200; 30; 12; 3; [1, 1]
659966907600; 30; 16; 2; [1, 1]
463515852800; 30; 18; 3; [1, 1]
195545750400; 30; 24; 8; [1, 1]
82495863450; 30; 32; 5; [1, 1]
57939481600; 30; 36; 8; [1, 1]
24443218800; 30; 48; 13; [1, 1]
7242435200; 30; 72; 19; [1, 1]
3055402350; 30; 96; 22; [1, 1]
905304400; 30; 144; 30; [1, 1]
113163050; 30; 288; 49; [1, 1]
10999448460000; 32; 6; 1; [1, 1]
3259095840000; 32; 9; 0; [1, 0]
2375880867360; 32; 10; 1; [1, 1]
1374931057500; 32; 12; 2; [1, 1]
703964701440; 32; 15; 2; [1, 1]
407386980000; 32; 18; 3; [1, 1]
296985108420; 32; 20; 2; [1, 1]
87995587680; 32; 30; 7; [1, 1]
50923372500; 32; 36; 6; [1, 1]
26072766720; 32; 45; 4; [1, 1]
10999448460; 32; 60; 14; [1, 1]
3259095840; 32; 90; 16; [1, 1]
407386980; 32; 180; 32; [1, 1]
9194640998400; 35; 6; 1; [1, 1]
3878989171200; 35; 8; 1; [1, 1]
2724338073600; 35; 9; 0; [1, 0]
1149330124800; 35; 12; 2; [1, 1]
484873646400; 35; 16; 1; [1, 1]
340542259200; 35; 18; 2; [1, 1]
143666265600; 35; 24; 5; [1, 1]
60609205800; 35; 32; 2; [1, 1]
42567782400; 35; 36; 5; [1, 1]
17958283200; 35; 48; 8; [1, 1]
7576150725; 35; 64; 4; [1, 1]
5320972800; 35; 72; 11; [1, 1]
2244785400; 35; 96; 13; [1, 1]
665121600; 35; 144; 18; [1, 1]
280598175; 35; 192; 18; [1, 1]
83140200; 35; 288; 28; [1, 1]
10392525; 35; 576; 39; [1, 1]
8690922240000; 36; 6; 1; [1, 1]
3666482820000; 36; 8; 1; [1, 1]
1877239203840; 36; 10; 2; [1, 1]
1086365280000; 36; 12; 3; [1, 1]
556219023360; 36; 15; 2; [1, 1]
458310352500; 36; 16; 2; [1, 1]
234654900480; 36; 20; 4; [1, 1]
135795660000; 36; 24; 6; [1, 1]
69527377920; 36; 30; 9; [1, 1]
29331862560; 36; 40; 9; [1, 1]
16974457500; 36; 48; 12; [1, 1]
8690922240; 36; 60; 18; [1, 1]
3666482820; 36; 80; 15; [1, 1]
1086365280; 36; 120; 34; [1, 1]
135795660; 36; 240; 55; [1, 1]
7039647014400; 40; 6; 2; [1, 1]
2969851084200; 40; 8; 1; [1, 1]
2085821337600; 40; 9; 0; [1, 0]
879955876800; 40; 12; 4; [1, 1]
371231385525; 40; 16; 1; [1, 1]
260727667200; 40; 18; 5; [1, 1]
109994484600; 40; 24; 8; [1, 1]
32590958400; 40; 36; 10; [1, 1]
13749310575; 40; 48; 13; [1, 1]
4073869800; 40; 72; 20; [1, 1]
509233725; 40; 144; 31; [1, 1]
6385167360000; 42; 6; 1; [1, 1]
2693742480000; 42; 8; 2; [1, 1]
1891901440000; 42; 9; 0; [1, 0]
1379196149760; 42; 10; 2; [1, 1]
798145920000; 42; 12; 3; [1, 1]
408650711040; 42; 15; 2; [1, 1]
336717810000; 42; 16; 2; [1, 1]
236487680000; 42; 18; 3; [1, 1]
172399518720; 42; 20; 5; [1, 1]
99768240000; 42; 24; 8; [1, 1]
51081338880; 42; 30; 8; [1, 1]
42089726250; 42; 32; 5; [1, 1]
29560960000; 42; 36; 8; [1, 1]
21549939840; 42; 40; 11; [1, 1]
15135211520; 42; 45; 5; [1, 1]
12471030000; 42; 48; 13; [1, 1]
6385167360; 42; 60; 19; [1, 1]
3695120000; 42; 72; 19; [1, 1]
2693742480; 42; 80; 17; [1, 1]
1891901440; 42; 90; 19; [1, 1]
1558878750; 42; 96; 22; [1, 1]
798145920; 42; 120; 37; [1, 1]
461890000; 42; 144; 30; [1, 1]
336717810; 42; 160; 27; [1, 1]
236487680; 42; 180; 43; [1, 1]
99768240; 42; 240; 59; [1, 1]
57736250; 42; 288; 49; [1, 1]
29560960; 42; 360; 81; [1, 1]
12471030; 42; 480; 89; [1, 1]
3695120; 42; 720; 127; [1, 1]
461890; 42; 1440; 189; [1, 1]
5562190233600; 45; 6; 1; [1, 1]
2346549004800; 45; 8; 2; [1, 1]
695273779200; 45; 12; 3; [1, 1]
293318625600; 45; 16; 2; [1, 1]
86909222400; 45; 24; 7; [1, 1]
36664828200; 45; 32; 4; [1, 1]
10863652800; 45; 48; 12; [1, 1]
4583103525; 45; 64; 7; [1, 1]
1357956600; 45; 96; 19; [1, 1]
169744575; 45; 192; 27; [1, 1]
4888643760000; 48; 6; 2; [1, 1]
2062396586250; 48; 8; 2; [1, 1]
1448487040000; 48; 9; 0; [1, 0]
1055947052160; 48; 10; 3; [1, 1]
611080470000; 48; 12; 4; [1, 1]
312873200640; 48; 15; 3; [1, 1]
181060880000; 48; 18; 5; [1, 1]
131993381520; 48; 20; 6; [1, 1]
76385058750; 48; 24; 8; [1, 1]
39109150080; 48; 30; 12; [1, 1]
22632610000; 48; 36; 10; [1, 1]
16499172690; 48; 40; 12; [1, 1]
11587896320; 48; 45; 7; [1, 1]
4888643760; 48; 60; 24; [1, 1]
2829076250; 48; 72; 20; [1, 1]
1448487040; 48; 90; 27; [1, 1]
611080470; 48; 120; 42; [1, 1]
181060880; 48; 180; 54; [1, 1]
22632610; 48; 360; 94; [1, 1]
4505374089216; 50; 6; 1; [1, 1]
1900704693888; 50; 8; 1; [1, 1]
1334925656064; 50; 9; 0; [1, 0]
563171761152; 50; 12; 3; [1, 1]
237588086736; 50; 16; 1; [1, 1]
166865707008; 50; 18; 3; [1, 1]
70396470144; 50; 24; 7; [1, 1]
29698510842; 50; 32; 3; [1, 1]
20858213376; 50; 36; 7; [1, 1]
8799558768; 50; 48; 11; [1, 1]
2607276672; 50; 72; 16; [1, 1]
1099944846; 50; 96; 18; [1, 1]
325909584; 50; 144; 25; [1, 1]
40738698; 50; 288; 40; [1, 1]
1629547920000; 54; 8; 2; [1, 1]
834328535040; 54; 10; 2; [1, 1]
203693490000; 54; 16; 2; [1, 1]
104291066880; 54; 20; 5; [1, 1]
25461686250; 54; 32; 5; [1, 1]
13036383360; 54; 40; 11; [1, 1]
1629547920; 54; 80; 17; [1, 1]
203693490; 54; 160; 27; [1, 1]
3591656640000; 56; 6; 2; [1, 1]
1515230145000; 56; 8; 1; [1, 1]
1064194560000; 56; 9; 0; [1, 0]
775797834240; 56; 10; 2; [1, 1]
448957080000; 56; 12; 4; [1, 1]
229866024960; 56; 15; 3; [1, 1]
189403768125; 56; 16; 1; [1, 1]
133024320000; 56; 18; 5; [1, 1]
96974729280; 56; 20; 4; [1, 1]
56119635000; 56; 24; 8; [1, 1]
28733253120; 56; 30; 11; [1, 1]
16628040000; 56; 36; 10; [1, 1]
12121841160; 56; 40; 8; [1, 1]
8513556480; 56; 45; 6; [1, 1]
7014954375; 56; 48; 13; [1, 1]
3591656640; 56; 60; 22; [1, 1]
2078505000; 56; 72; 20; [1, 1]
1515230145; 56; 80; 13; [1, 1]
1064194560; 56; 90; 24; [1, 1]
448957080; 56; 120; 38; [1, 1]
259813125; 56; 144; 31; [1, 1]
133024320; 56; 180; 48; [1, 1]
56119635; 56; 240; 59; [1, 1]
16628040; 56; 360; 84; [1, 1]
2078505; 56; 720; 129; [1, 1]
3128732006400; 60; 6; 3; [1, 1]
1319933815200; 60; 8; 3; [1, 1]
927031705600; 60; 9; 0; [1, 0]
391091500800; 60; 12; 6; [1, 1]
164991726900; 60; 16; 4; [1, 1]
115878963200; 60; 18; 7; [1, 1]
48886437600; 60; 24; 13; [1, 1]
14484870400; 60; 36; 14; [1, 1]
6110804700; 60; 48; 22; [1, 1]
1810608800; 60; 72; 30; [1, 1]
226326100; 60; 144; 49; [1, 1]
2837852160000; 63; 6; 1; [1, 1]
1197218880000; 63; 8; 2; [1, 1]
612976066560; 63; 10; 2; [1, 1]
354731520000; 63; 12; 3; [1, 1]
181622538240; 63; 15; 1; [1, 1]
149652360000; 63; 16; 2; [1, 1]
76622008320; 63; 20; 4; [1, 1]
44341440000; 63; 24; 7; [1, 1]
22702817280; 63; 30; 7; [1, 1]
18706545000; 63; 32; 4; [1, 1]
9577751040; 63; 40; 9; [1, 1]
5542680000; 63; 48; 12; [1, 1]
2837852160; 63; 60; 16; [1, 1]
2338318125; 63; 64; 7; [1, 1]
1197218880; 63; 80; 14; [1, 1]
692835000; 63; 96; 19; [1, 1]
354731520; 63; 120; 31; [1, 1]
149652360; 63; 160; 22; [1, 1]
86604375; 63; 192; 27; [1, 1]
44341440; 63; 240; 49; [1, 1]
18706545; 63; 320; 30; [1, 1]
5542680; 63; 480; 73; [1, 1]
692835; 63; 960; 100; [1, 1]
2749862115000; 64; 6; 1; [1, 1]
814773960000; 64; 9; 0; [1, 0]
593970216840; 64; 10; 1; [1, 1]
343732764375; 64; 12; 2; [1, 1]
175991175360; 64; 15; 2; [1, 1]
101846745000; 64; 18; 3; [1, 1]
74246277105; 64; 20; 2; [1, 1]
21998896920; 64; 30; 7; [1, 1]
12730843125; 64; 36; 6; [1, 1]
6518191680; 64; 45; 4; [1, 1]
2749862115; 64; 60; 14; [1, 1]
814773960; 64; 90; 16; [1, 1]
101846745; 64; 180; 32; [1, 1]
2298660249600; 70; 6; 2; [1, 1]
969747292800; 70; 8; 2; [1, 1]
681084518400; 70; 9; 0; [1, 0]
287332531200; 70; 12; 5; [1, 1]
121218411600; 70; 16; 2; [1, 1]
85135564800; 70; 18; 5; [1, 1]
35916566400; 70; 24; 11; [1, 1]
15152301450; 70; 32; 5; [1, 1]
10641945600; 70; 36; 11; [1, 1]
4489570800; 70; 48; 17; [1, 1]
1330243200; 70; 72; 24; [1, 1]
561196350; 70; 96; 27; [1, 1]
166280400; 70; 144; 37; [1, 1]
20785050; 70; 288; 58; [1, 1]
2172730560000; 72; 6; 3; [1, 1]
916620705000; 72; 8; 3; [1, 1]
469309800960; 72; 10; 4; [1, 1]
271591320000; 72; 12; 6; [1, 1]
139054755840; 72; 15; 4; [1, 1]
114577588125; 72; 16; 3; [1, 1]
58663725120; 72; 20; 8; [1, 1]
33948915000; 72; 24; 12; [1, 1]
17381844480; 72; 30; 16; [1, 1]
7332965640; 72; 40; 16; [1, 1]
4243614375; 72; 48; 19; [1, 1]
2172730560; 72; 60; 32; [1, 1]
916620705; 72; 80; 25; [1, 1]
271591320; 72; 120; 56; [1, 1]
33948915; 72; 240; 87; [1, 1]
2002388484096; 75; 6; 1; [1, 1]
844757641728; 75; 8; 2; [1, 1]
593300291584; 75; 9; 0; [1, 0]
250298560512; 75; 12; 3; [1, 1]
105594705216; 75; 16; 2; [1, 1]
74162536448; 75; 18; 3; [1, 1]
31287320064; 75; 24; 7; [1, 1]
13199338152; 75; 32; 4; [1, 1]
9270317056; 75; 36; 7; [1, 1]
3910915008; 75; 48; 12; [1, 1]
1649917269; 75; 64; 7; [1, 1]
1158789632; 75; 72; 16; [1, 1]
488864376; 75; 96; 19; [1, 1]
144848704; 75; 144; 26; [1, 1]
61108047; 75; 192; 27; [1, 1]
18106088; 75; 288; 41; [1, 1]
2263261; 75; 576; 57; [1, 1]
1759911753600; 80; 6; 3; [1, 1]
742462771050; 80; 8; 2; [1, 1]
521455334400; 80; 9; 0; [1, 0]
219988969200; 80; 12; 6; [1, 1]
65181916800; 80; 18; 7; [1, 1]
27498621150; 80; 24; 12; [1, 1]
8147739600; 80; 36; 14; [1, 1]
1018467450; 80; 72; 28; [1, 1]
724243520000; 81; 8; 1; [1, 1]
370812682240; 81; 10; 1; [1, 1]
90530440000; 81; 16; 1; [1, 1]
46351585280; 81; 20; 2; [1, 1]
11316305000; 81; 32; 2; [1, 1]
5793948160; 81; 40; 5; [1, 1]
1414538125; 81; 64; 4; [1, 1]
724243520; 81; 80; 8; [1, 1]
90530440; 81; 160; 13; [1, 1]
11316305; 81; 320; 18; [1, 1]
1596291840000; 84; 6; 3; [1, 1]
673435620000; 84; 8; 3; [1, 1]
472975360000; 84; 9; 0; [1, 0]
344799037440; 84; 10; 4; [1, 1]
199536480000; 84; 12; 6; [1, 1]
102162677760; 84; 15; 4; [1, 1]
84179452500; 84; 16; 4; [1, 1]
59121920000; 84; 18; 7; [1, 1]
43099879680; 84; 20; 8; [1, 1]
24942060000; 84; 24; 13; [1, 1]
12770334720; 84; 30; 16; [1, 1]
7390240000; 84; 36; 14; [1, 1]
5387484960; 84; 40; 17; [1, 1]
3783802880; 84; 45; 9; [1, 1]
3117757500; 84; 48; 22; [1, 1]
1596291840; 84; 60; 32; [1, 1]
923780000; 84; 72; 30; [1, 1]
673435620; 84; 80; 27; [1, 1]
472975360; 84; 90; 35; [1, 1]
199536480; 84; 120; 59; [1, 1]
115472500; 84; 144; 49; [1, 1]
59121920; 84; 180; 70; [1, 1]
24942060; 84; 240; 93; [1, 1]
7390240; 84; 360; 127; [1, 1]
923780; 84; 720; 198; [1, 1]
1390547558400; 90; 6; 3; [1, 1]
586637251200; 90; 8; 4; [1, 1]
173818444800; 90; 12; 7; [1, 1]
73329656400; 90; 16; 4; [1, 1]
21727305600; 90; 24; 16; [1, 1]
9166207050; 90; 32; 9; [1, 1]
2715913200; 90; 48; 25; [1, 1]
339489150; 90; 96; 40; [1, 1]
1222160940000; 96; 6; 3; [1, 1]
362121760000; 96; 9; 0; [1, 0]
263986763040; 96; 10; 4; [1, 1]
152770117500; 96; 12; 6; [1, 1]
78218300160; 96; 15; 4; [1, 1]
45265220000; 96; 18; 7; [1, 1]
32998345380; 96; 20; 8; [1, 1]
9777287520; 96; 30; 16; [1, 1]
5658152500; 96; 36; 14; [1, 1]
2896974080; 96; 45; 9; [1, 1]
1222160940; 96; 60; 32; [1, 1]
362121760; 96; 90; 35; [1, 1]
45265220; 96; 180; 70; [1, 1]
1126343522304; 100; 6; 2; [1, 1]
475176173472; 100; 8; 1; [1, 1]
333731414016; 100; 9; 0; [1, 0]
140792940288; 100; 12; 4; [1, 1]
59397021684; 100; 16; 2; [1, 1]
41716426752; 100; 18; 5; [1, 1]
17599117536; 100; 24; 9; [1, 1]
5214553344; 100; 36; 10; [1, 1]
2199889692; 100; 48; 15; [1, 1]
651819168; 100; 72; 21; [1, 1]
81477396; 100; 144; 34; [1, 1]
1021626777600; 105; 6; 2; [1, 1]
430998796800; 105; 8; 3; [1, 1]
302704230400; 105; 9; 0; [1, 0]
127703347200; 105; 12; 5; [1, 1]
53874849600; 105; 16; 3; [1, 1]
37838028800; 105; 18; 5; [1, 1]
15962918400; 105; 24; 11; [1, 1]
6734356200; 105; 32; 6; [1, 1]
4729753600; 105; 36; 11; [1, 1]
1995364800; 105; 48; 18; [1, 1]
841794525; 105; 64; 10; [1, 1]
591219200; 105; 72; 24; [1, 1]
249420600; 105; 96; 28; [1, 1]
73902400; 105; 144; 38; [1, 1]
31177575; 105; 192; 39; [1, 1]
9237800; 105; 288; 59; [1, 1]
1154725; 105; 576; 81; [1, 1]
407386980000; 108; 8; 3; [1, 1]
208582133760; 108; 10; 4; [1, 1]
50923372500; 108; 16; 4; [1, 1]
26072766720; 108; 20; 8; [1, 1]
3259095840; 108; 40; 17; [1, 1]
407386980; 108; 80; 27; [1, 1]
897914160000; 112; 6; 3; [1, 1]
378807536250; 112; 8; 2; [1, 1]
266048640000; 112; 9; 0; [1, 0]
193949458560; 112; 10; 3; [1, 1]
112239270000; 112; 12; 6; [1, 1]
57466506240; 112; 15; 4; [1, 1]
33256080000; 112; 18; 7; [1, 1]
24243682320; 112; 20; 6; [1, 1]
14029908750; 112; 24; 12; [1, 1]
7183313280; 112; 30; 15; [1, 1]
4157010000; 112; 36; 14; [1, 1]
3030460290; 112; 40; 12; [1, 1]
2128389120; 112; 45; 8; [1, 1]
897914160; 112; 60; 30; [1, 1]
519626250; 112; 72; 28; [1, 1]
266048640; 112; 90; 32; [1, 1]
112239270; 112; 120; 52; [1, 1]
33256080; 112; 180; 64; [1, 1]
4157010; 112; 360; 112; [1, 1]
782183001600; 120; 6; 5; [1, 1]
329983453800; 120; 8; 5; [1, 1]
231757926400; 120; 9; 0; [1, 0]
97772875200; 120; 12; 10; [1, 1]
41247931725; 120; 16; 5; [1, 1]
28969740800; 120; 18; 11; [1, 1]
12221609400; 120; 24; 20; [1, 1]
3621217600; 120; 36; 22; [1, 1]
1527701175; 120; 48; 31; [1, 1]
452652200; 120; 72; 44; [1, 1]
56581525; 120; 144; 68; [1, 1]
709463040000; 126; 6; 3; [1, 1]
299304720000; 126; 8; 4; [1, 1]
153244016640; 126; 10; 4; [1, 1]
88682880000; 126; 12; 7; [1, 1]
45405634560; 126; 15; 4; [1, 1]
37413090000; 126; 16; 4; [1, 1]
19155502080; 126; 20; 9; [1, 1]
11085360000; 126; 24; 16; [1, 1]
5675704320; 126; 30; 16; [1, 1]
4676636250; 126; 32; 9; [1, 1]
2394437760; 126; 40; 19; [1, 1]
1385670000; 126; 48; 25; [1, 1]
709463040; 126; 60; 35; [1, 1]
299304720; 126; 80; 29; [1, 1]
173208750; 126; 96; 40; [1, 1]
88682880; 126; 120; 65; [1, 1]
37413090; 126; 160; 45; [1, 1]
11085360; 126; 240; 101; [1, 1]
1385670; 126; 480; 149; [1, 1]
687465528750; 128; 6; 2; [1, 1]
203693490000; 128; 9; 0; [1, 0]
148492554210; 128; 10; 2; [1, 1]
43997793840; 128; 15; 3; [1, 1]
25461686250; 128; 18; 5; [1, 1]
5499724230; 128; 30; 11; [1, 1]
1629547920; 128; 45; 6; [1, 1]
203693490; 128; 90; 24; [1, 1]
260727667200; 135; 8; 3; [1, 1]
32590958400; 135; 16; 3; [1, 1]
4073869800; 135; 32; 6; [1, 1]
509233725; 135; 64; 10; [1, 1]
574665062400; 140; 6; 4; [1, 1]
242436823200; 140; 8; 3; [1, 1]
170271129600; 140; 9; 0; [1, 0]
71833132800; 140; 12; 8; [1, 1]
30304602900; 140; 16; 4; [1, 1]
21283891200; 140; 18; 9; [1, 1]
8979141600; 140; 24; 17; [1, 1]
2660486400; 140; 36; 18; [1, 1]
1122392700; 140; 48; 27; [1, 1]
332560800; 140; 72; 37; [1, 1]
41570100; 140; 144; 58; [1, 1]
543182640000; 144; 6; 4; [1, 1]
229155176250; 144; 8; 4; [1, 1]
117327450240; 144; 10; 5; [1, 1]
67897830000; 144; 12; 8; [1, 1]
34763688960; 144; 15; 5; [1, 1]
14665931280; 144; 20; 10; [1, 1]
8487228750; 144; 24; 17; [1, 1]
4345461120; 144; 30; 20; [1, 1]
1833241410; 144; 40; 20; [1, 1]
543182640; 144; 60; 41; [1, 1]
67897830; 144; 120; 72; [1, 1]
500597121024; 150; 6; 3; [1, 1]
211189410432; 150; 8; 4; [1, 1]
148325072896; 150; 9; 0; [1, 0]
62574640128; 150; 12; 7; [1, 1]
26398676304; 150; 16; 4; [1, 1]
18540634112; 150; 18; 7; [1, 1]
7821830016; 150; 24; 16; [1, 1]
3299834538; 150; 32; 9; [1, 1]
2317579264; 150; 36; 16; [1, 1]
977728752; 150; 48; 25; [1, 1]
289697408; 150; 72; 35; [1, 1]
122216094; 150; 96; 40; [1, 1]
36212176; 150; 144; 54; [1, 1]
4526522; 150; 288; 85; [1, 1]
439977938400; 160; 6; 4; [1, 1]
130363833600; 160; 9; 0; [1, 0]
54997242300; 160; 12; 8; [1, 1]
16295479200; 160; 18; 9; [1, 1]
2036934900; 160; 36; 18; [1, 1]
181060880000; 162; 8; 3; [1, 1]
92703170560; 162; 10; 3; [1, 1]
22632610000; 162; 16; 3; [1, 1]
11587896320; 162; 20; 7; [1, 1]
2829076250; 162; 32; 7; [1, 1]
1448487040; 162; 40; 15; [1, 1]
181060880; 162; 80; 23; [1, 1]
22632610; 162; 160; 36; [1, 1]
399072960000; 168; 6; 5; [1, 1]
168358905000; 168; 8; 5; [1, 1]
118243840000; 168; 9; 0; [1, 0]
86199759360; 168; 10; 6; [1, 1]
49884120000; 168; 12; 10; [1, 1]
25540669440; 168; 15; 6; [1, 1]
21044863125; 168; 16; 5; [1, 1]
14780480000; 168; 18; 11; [1, 1]
10774969920; 168; 20; 12; [1, 1]
6235515000; 168; 24; 20; [1, 1]
3192583680; 168; 30; 24; [1, 1]
1847560000; 168; 36; 22; [1, 1]
1346871240; 168; 40; 24; [1, 1]
945950720; 168; 45; 13; [1, 1]
779439375; 168; 48; 31; [1, 1]
399072960; 168; 60; 48; [1, 1]
230945000; 168; 72; 44; [1, 1]
168358905; 168; 80; 37; [1, 1]
118243840; 168; 90; 51; [1, 1]
49884120; 168; 120; 84; [1, 1]
28868125; 168; 144; 68; [1, 1]
14780480; 168; 180; 102; [1, 1]
6235515; 168; 240; 129; [1, 1]
1847560; 168; 360; 178; [1, 1]
230945; 168; 720; 272; [1, 1]
367785639936; 175; 6; 2; [1, 1]
155159566848; 175; 8; 2; [1, 1]
108973522944; 175; 9; 0; [1, 0]
45973204992; 175; 12; 4; [1, 1]
19394945856; 175; 16; 2; [1, 1]
13621690368; 175; 18; 4; [1, 1]
5746650624; 175; 24; 9; [1, 1]
2424368232; 175; 32; 4; [1, 1]
1702711296; 175; 36; 9; [1, 1]
718331328; 175; 48; 14; [1, 1]
303046029; 175; 64; 7; [1, 1]
212838912; 175; 72; 19; [1, 1]
89791416; 175; 96; 22; [1, 1]
26604864; 175; 144; 30; [1, 1]
11223927; 175; 192; 30; [1, 1]
3325608; 175; 288; 46; [1, 1]
415701; 175; 576; 63; [1, 1]
347636889600; 180; 6; 6; [1, 1]
146659312800; 180; 8; 6; [1, 1]
43454611200; 180; 12; 12; [1, 1]
18332414100; 180; 16; 7; [1, 1]
5431826400; 180; 24; 25; [1, 1]
678978300; 180; 48; 40; [1, 1]
133024320000; 189; 8; 3; [1, 1]
68108451840; 189; 10; 3; [1, 1]
16628040000; 189; 16; 3; [1, 1]
8513556480; 189; 20; 6; [1, 1]
2078505000; 189; 32; 6; [1, 1]
1064194560; 189; 40; 13; [1, 1]
259813125; 189; 64; 10; [1, 1]
133024320; 189; 80; 20; [1, 1]
16628040; 189; 160; 31; [1, 1]
2078505; 189; 320; 42; [1, 1]
305540235000; 192; 6; 4; [1, 1]
90530440000; 192; 9; 0; [1, 0]
65996690760; 192; 10; 5; [1, 1]
38192529375; 192; 12; 8; [1, 1]
19554575040; 192; 15; 5; [1, 1]
11316305000; 192; 18; 9; [1, 1]
8249586345; 192; 20; 10; [1, 1]
2444321880; 192; 30; 20; [1, 1]
1414538125; 192; 36; 18; [1, 1]
724243520; 192; 45; 11; [1, 1]
305540235; 192; 60; 40; [1, 1]
90530440; 192; 90; 43; [1, 1]
11316305; 192; 180; 86; [1, 1]
281585880576; 200; 6; 4; [1, 1]
118794043368; 200; 8; 3; [1, 1]
83432853504; 200; 9; 0; [1, 0]
35198235072; 200; 12; 8; [1, 1]
14849255421; 200; 16; 3; [1, 1]
10429106688; 200; 18; 9; [1, 1]
4399779384; 200; 24; 16; [1, 1]
1303638336; 200; 36; 18; [1, 1]
549972423; 200; 48; 25; [1, 1]
162954792; 200; 72; 36; [1, 1]
20369349; 200; 144; 55; [1, 1]
255406694400; 210; 6; 5; [1, 1]
107749699200; 210; 8; 6; [1, 1]
75676057600; 210; 9; 0; [1, 0]
31925836800; 210; 12; 11; [1, 1]
13468712400; 210; 16; 6; [1, 1]
9459507200; 210; 18; 11; [1, 1]
3990729600; 210; 24; 24; [1, 1]
1683589050; 210; 32; 13; [1, 1]
1182438400; 210; 36; 24; [1, 1]
498841200; 210; 48; 37; [1, 1]
147804800; 210; 72; 51; [1, 1]
62355150; 210; 96; 58; [1, 1]
18475600; 210; 144; 78; [1, 1]
2309450; 210; 288; 121; [1, 1]
101846745000; 216; 8; 5; [1, 1]
52145533440; 216; 10; 6; [1, 1]
12730843125; 216; 16; 5; [1, 1]
6518191680; 216; 20; 12; [1, 1]
814773960; 216; 40; 24; [1, 1]
101846745; 216; 80; 37; [1, 1]
224478540000; 224; 6; 4; [1, 1]
66512160000; 224; 9; 0; [1, 0]
48487364640; 224; 10; 4; [1, 1]
28059817500; 224; 12; 8; [1, 1]
14366626560; 224; 15; 5; [1, 1]
8314020000; 224; 18; 9; [1, 1]
6060920580; 224; 20; 8; [1, 1]
1795828320; 224; 30; 19; [1, 1]
1039252500; 224; 36; 18; [1, 1]
532097280; 224; 45; 10; [1, 1]
224478540; 224; 60; 38; [1, 1]
66512160; 224; 90; 40; [1, 1]
8314020; 224; 180; 80; [1, 1]
222487609344; 225; 6; 2; [1, 1]
93861960192; 225; 8; 3; [1, 1]
27810951168; 225; 12; 5; [1, 1]
11732745024; 225; 16; 3; [1, 1]
3476368896; 225; 24; 11; [1, 1]
1466593128; 225; 32; 6; [1, 1]
434546112; 225; 48; 18; [1, 1]
183324141; 225; 64; 10; [1, 1]
54318264; 225; 96; 28; [1, 1]
6789783; 225; 192; 39; [1, 1]
195545750400; 240; 6; 7; [1, 1]
82495863450; 240; 8; 7; [1, 1]
57939481600; 240; 9; 0; [1, 0]
24443218800; 240; 12; 14; [1, 1]
7242435200; 240; 18; 15; [1, 1]
3055402350; 240; 24; 28; [1, 1]
905304400; 240; 36; 30; [1, 1]
113163050; 240; 72; 60; [1, 1]
177365760000; 252; 6; 6; [1, 1]
74826180000; 252; 8; 6; [1, 1]
38311004160; 252; 10; 7; [1, 1]
22170720000; 252; 12; 12; [1, 1]
11351408640; 252; 15; 7; [1, 1]
9353272500; 252; 16; 7; [1, 1]
4788875520; 252; 20; 14; [1, 1]
2771340000; 252; 24; 25; [1, 1]
1418926080; 252; 30; 28; [1, 1]
598609440; 252; 40; 29; [1, 1]
346417500; 252; 48; 40; [1, 1]
177365760; 252; 60; 56; [1, 1]
74826180; 252; 80; 45; [1, 1]
22170720; 252; 120; 101; [1, 1]
2771340; 252; 240; 156; [1, 1]
50923372500; 256; 9; 0; [1, 0]
10999448460; 256; 15; 3; [1, 1]
407386980; 256; 45; 6; [1, 1]
65181916800; 270; 8; 6; [1, 1]
8147739600; 270; 16; 6; [1, 1]
1018467450; 270; 32; 13; [1, 1]
143666265600; 280; 6; 6; [1, 1]
60609205800; 280; 8; 5; [1, 1]
42567782400; 280; 9; 0; [1, 0]
17958283200; 280; 12; 12; [1, 1]
7576150725; 280; 16; 5; [1, 1]
5320972800; 280; 18; 13; [1, 1]
2244785400; 280; 24; 24; [1, 1]
665121600; 280; 36; 26; [1, 1]
280598175; 280; 48; 37; [1, 1]
83140200; 280; 72; 52; [1, 1]
10392525; 280; 144; 79; [1, 1]
135795660000; 288; 6; 6; [1, 1]
29331862560; 288; 10; 7; [1, 1]
16974457500; 288; 12; 12; [1, 1]
8690922240; 288; 15; 7; [1, 1]
3666482820; 288; 20; 14; [1, 1]
1086365280; 288; 30; 28; [1, 1]
135795660; 288; 60; 56; [1, 1]
125149280256; 300; 6; 6; [1, 1]
52797352608; 300; 8; 6; [1, 1]
37081268224; 300; 9; 0; [1, 0]
15643660032; 300; 12; 12; [1, 1]
6599669076; 300; 16; 7; [1, 1]
4635158528; 300; 18; 13; [1, 1]
1955457504; 300; 24; 25; [1, 1]
579394816; 300; 36; 26; [1, 1]
244432188; 300; 48; 40; [1, 1]
72424352; 300; 72; 54; [1, 1]
9053044; 300; 144; 85; [1, 1]
113514086400; 315; 6; 4; [1, 1]
47888755200; 315; 8; 5; [1, 1]
14189260800; 315; 12; 9; [1, 1]
5986094400; 315; 16; 5; [1, 1]
1773657600; 315; 24; 19; [1, 1]
748261800; 315; 32; 10; [1, 1]
221707200; 315; 48; 30; [1, 1]
93532725; 315; 64; 16; [1, 1]
27713400; 315; 96; 46; [1, 1]
3464175; 315; 192; 63; [1, 1]
109994484600; 320; 6; 5; [1, 1]
32590958400; 320; 9; 0; [1, 0]
13749310575; 320; 12; 10; [1, 1]
4073869800; 320; 18; 11; [1, 1]
509233725; 320; 36; 22; [1, 1]
45265220000; 324; 8; 4; [1, 1]
23175792640; 324; 10; 5; [1, 1]
5658152500; 324; 16; 5; [1, 1]
2896974080; 324; 20; 10; [1, 1]
362121760; 324; 40; 21; [1, 1]
45265220; 324; 80; 33; [1, 1]
99768240000; 336; 6; 7; [1, 1]
42089726250; 336; 8; 7; [1, 1]
29560960000; 336; 9; 0; [1, 0]
21549939840; 336; 10; 8; [1, 1]
12471030000; 336; 12; 14; [1, 1]
6385167360; 336; 15; 8; [1, 1]
3695120000; 336; 18; 15; [1, 1]
2693742480; 336; 20; 16; [1, 1]
1558878750; 336; 24; 28; [1, 1]
798145920; 336; 30; 32; [1, 1]
461890000; 336; 36; 30; [1, 1]
336717810; 336; 40; 32; [1, 1]
236487680; 336; 45; 17; [1, 1]
99768240; 336; 60; 64; [1, 1]
57736250; 336; 72; 60; [1, 1]
29560960; 336; 90; 67; [1, 1]
12471030; 336; 120; 112; [1, 1]
3695120; 336; 180; 134; [1, 1]
461890; 336; 360; 234; [1, 1]
91946409984; 350; 6; 4; [1, 1]
38789891712; 350; 8; 4; [1, 1]
27243380736; 350; 9; 0; [1, 0]
11493301248; 350; 12; 9; [1, 1]
4848736464; 350; 16; 4; [1, 1]
3405422592; 350; 18; 9; [1, 1]
1436662656; 350; 24; 19; [1, 1]
606092058; 350; 32; 9; [1, 1]
425677824; 350; 36; 19; [1, 1]
179582832; 350; 48; 29; [1, 1]
53209728; 350; 72; 40; [1, 1]
22447854; 350; 96; 45; [1, 1]
6651216; 350; 144; 61; [1, 1]
831402; 350; 288; 94; [1, 1]
86909222400; 360; 6; 9; [1, 1]
36664828200; 360; 8; 9; [1, 1]
10863652800; 360; 12; 18; [1, 1]
4583103525; 360; 16; 9; [1, 1]
1357956600; 360; 24; 36; [1, 1]
169744575; 360; 48; 55; [1, 1]
33256080000; 378; 8; 6; [1, 1]
17027112960; 378; 10; 6; [1, 1]
4157010000; 378; 16; 6; [1, 1]
2128389120; 378; 20; 13; [1, 1]
519626250; 378; 32; 13; [1, 1]
266048640; 378; 40; 27; [1, 1]
33256080; 378; 80; 41; [1, 1]
4157010; 378; 160; 63; [1, 1]
76385058750; 384; 6; 5; [1, 1]
22632610000; 384; 9; 0; [1, 0]
16499172690; 384; 10; 6; [1, 1]
4888643760; 384; 15; 6; [1, 1]
2829076250; 384; 18; 11; [1, 1]
611080470; 384; 30; 24; [1, 1]
181060880; 384; 45; 13; [1, 1]
22632610; 384; 90; 51; [1, 1]
70396470144; 400; 6; 5; [1, 1]
29698510842; 400; 8; 4; [1, 1]
20858213376; 400; 9; 0; [1, 0]
8799558768; 400; 12; 10; [1, 1]
2607276672; 400; 18; 11; [1, 1]
1099944846; 400; 24; 20; [1, 1]
325909584; 400; 36; 22; [1, 1]
40738698; 400; 72; 44; [1, 1]
28969740800; 405; 8; 4; [1, 1]
3621217600; 405; 16; 4; [1, 1]
452652200; 405; 32; 8; [1, 1]
56581525; 405; 64; 13; [1, 1]
63851673600; 420; 6; 9; [1, 1]
26937424800; 420; 8; 9; [1, 1]
18919014400; 420; 9; 0; [1, 0]
7981459200; 420; 12; 18; [1, 1]
3367178100; 420; 16; 10; [1, 1]
2364876800; 420; 18; 19; [1, 1]
997682400; 420; 24; 37; [1, 1]
295609600; 420; 36; 38; [1, 1]
124710300; 420; 48; 58; [1, 1]
36951200; 420; 72; 78; [1, 1]
4618900; 420; 144; 121; [1, 1]
25461686250; 432; 8; 7; [1, 1]
13036383360; 432; 10; 8; [1, 1]
1629547920; 432; 20; 16; [1, 1]
203693490; 432; 40; 32; [1, 1]
56119635000; 448; 6; 5; [1, 1]
16628040000; 448; 9; 0; [1, 0]
12121841160; 448; 10; 5; [1, 1]
7014954375; 448; 12; 10; [1, 1]
3591656640; 448; 15; 6; [1, 1]
2078505000; 448; 18; 11; [1, 1]
1515230145; 448; 20; 10; [1, 1]
448957080; 448; 30; 23; [1, 1]
259813125; 448; 36; 22; [1, 1]
133024320; 448; 45; 12; [1, 1]
56119635; 448; 60; 46; [1, 1]
16628040; 448; 90; 48; [1, 1]
2078505; 448; 180; 96; [1, 1]
55621902336; 450; 6; 6; [1, 1]
23465490048; 450; 8; 7; [1, 1]
6952737792; 450; 12; 13; [1, 1]
2933186256; 450; 16; 7; [1, 1]
869092224; 450; 24; 28; [1, 1]
366648282; 450; 32; 15; [1, 1]
108636528; 450; 48; 43; [1, 1]
13579566; 450; 96; 67; [1, 1]
48886437600; 480; 6; 9; [1, 1]
14484870400; 480; 9; 0; [1, 0]
6110804700; 480; 12; 18; [1, 1]
1810608800; 480; 18; 19; [1, 1]
226326100; 480; 36; 38; [1, 1]
44341440000; 504; 6; 9; [1, 1]
18706545000; 504; 8; 9; [1, 1]
9577751040; 504; 10; 10; [1, 1]
5542680000; 504; 12; 18; [1, 1]
2837852160; 504; 15; 10; [1, 1]
2338318125; 504; 16; 9; [1, 1]
1197218880; 504; 20; 20; [1, 1]
692835000; 504; 24; 36; [1, 1]
354731520; 504; 30; 40; [1, 1]
149652360; 504; 40; 40; [1, 1]
86604375; 504; 48; 55; [1, 1]
44341440; 504; 60; 80; [1, 1]
18706545; 504; 80; 61; [1, 1]
5542680; 504; 120; 140; [1, 1]
692835; 504; 240; 213; [1, 1]
12730843125; 512; 9; 0; [1, 0]
2749862115; 512; 15; 4; [1, 1]
101846745; 512; 45; 8; [1, 1]
40865071104; 525; 6; 4; [1, 1]
17239951872; 525; 8; 5; [1, 1]
12108169216; 525; 9; 0; [1, 0]
5108133888; 525; 12; 9; [1, 1]
2154993984; 525; 16; 5; [1, 1]
1513521152; 525; 18; 9; [1, 1]
638516736; 525; 24; 19; [1, 1]
269374248; 525; 32; 10; [1, 1]
189190144; 525; 36; 19; [1, 1]
79814592; 525; 48; 30; [1, 1]
33671781; 525; 64; 16; [1, 1]
23648768; 525; 72; 40; [1, 1]
9976824; 525; 96; 46; [1, 1]
2956096; 525; 144; 62; [1, 1]
1247103; 525; 192; 63; [1, 1]
369512; 525; 288; 95; [1, 1]
46189; 525; 576; 129; [1, 1]
16295479200; 540; 8; 9; [1, 1]
2036934900; 540; 16; 10; [1, 1]
35916566400; 560; 6; 8; [1, 1]
15152301450; 560; 8; 7; [1, 1]
10641945600; 560; 9; 0; [1, 0]
4489570800; 560; 12; 16; [1, 1]
1330243200; 560; 18; 17; [1, 1]
561196350; 560; 24; 32; [1, 1]
166280400; 560; 36; 34; [1, 1]
20785050; 560; 72; 68; [1, 1]
14780480000; 567; 8; 4; [1, 1]
7567605760; 567; 10; 4; [1, 1]
1847560000; 567; 16; 4; [1, 1]
945950720; 567; 20; 8; [1, 1]
230945000; 567; 32; 8; [1, 1]
118243840; 567; 40; 17; [1, 1]
28868125; 567; 64; 13; [1, 1]
14780480; 567; 80; 26; [1, 1]
1847560; 567; 160; 40; [1, 1]
230945; 567; 320; 54; [1, 1]
33948915000; 576; 6; 7; [1, 1]
7332965640; 576; 10; 8; [1, 1]
4243614375; 576; 12; 14; [1, 1]
2172730560; 576; 15; 8; [1, 1]
916620705; 576; 20; 16; [1, 1]
271591320; 576; 30; 32; [1, 1]
33948915; 576; 60; 64; [1, 1]
31287320064; 600; 6; 9; [1, 1]
13199338152; 600; 8; 9; [1, 1]
9270317056; 600; 9; 0; [1, 0]
3910915008; 600; 12; 18; [1, 1]
1649917269; 600; 16; 9; [1, 1]
1158789632; 600; 18; 19; [1, 1]
488864376; 600; 24; 36; [1, 1]
144848704; 600; 36; 38; [1, 1]
61108047; 600; 48; 55; [1, 1]
18106088; 600; 72; 76; [1, 1]
2263261; 600; 144; 116; [1, 1]
28378521600; 630; 6; 9; [1, 1]
11972188800; 630; 8; 10; [1, 1]
3547315200; 630; 12; 19; [1, 1]
1496523600; 630; 16; 10; [1, 1]
443414400; 630; 24; 40; [1, 1]
187065450; 630; 32; 21; [1, 1]
55426800; 630; 48; 61; [1, 1]
6928350; 630; 96; 94; [1, 1]
27498621150; 640; 6; 6; [1, 1]
8147739600; 640; 9; 0; [1, 0]
1018467450; 640; 18; 13; [1, 1]
11316305000; 648; 8; 7; [1, 1]
5793948160; 648; 10; 8; [1, 1]
1414538125; 648; 16; 7; [1, 1]
724243520; 648; 20; 16; [1, 1]
90530440; 648; 40; 32; [1, 1]
11316305; 648; 80; 49; [1, 1]
24942060000; 672; 6; 9; [1, 1]
7390240000; 672; 9; 0; [1, 0]
5387484960; 672; 10; 10; [1, 1]
3117757500; 672; 12; 18; [1, 1]
1596291840; 672; 15; 10; [1, 1]
923780000; 672; 18; 19; [1, 1]
673435620; 672; 20; 20; [1, 1]
199536480; 672; 30; 40; [1, 1]
115472500; 672; 36; 38; [1, 1]
59121920; 672; 45; 21; [1, 1]
24942060; 672; 60; 80; [1, 1]
7390240; 672; 90; 83; [1, 1]
923780; 672; 180; 166; [1, 1]
10429106688; 675; 8; 5; [1, 1]
1303638336; 675; 16; 5; [1, 1]
162954792; 675; 32; 10; [1, 1]
20369349; 675; 64; 16; [1, 1]
22986602496; 700; 6; 7; [1, 1]
9697472928; 700; 8; 6; [1, 1]
6810845184; 700; 9; 0; [1, 0]
2873325312; 700; 12; 14; [1, 1]
1212184116; 700; 16; 7; [1, 1]
851355648; 700; 18; 15; [1, 1]
359165664; 700; 24; 29; [1, 1]
106419456; 700; 36; 30; [1, 1]
44895708; 700; 48; 45; [1, 1]
13302432; 700; 72; 61; [1, 1]
1662804; 700; 144; 94; [1, 1]
21727305600; 720; 6; 12; [1, 1]
9166207050; 720; 8; 12; [1, 1]
2715913200; 720; 12; 24; [1, 1]
339489150; 720; 24; 48; [1, 1]
8314020000; 756; 8; 9; [1, 1]
4256778240; 756; 10; 10; [1, 1]
1039252500; 756; 16; 10; [1, 1]
532097280; 756; 20; 20; [1, 1]
66512160; 756; 40; 41; [1, 1]
8314020; 756; 80; 63; [1, 1]
5658152500; 768; 9; 0; [1, 0]
1222160940; 768; 15; 7; [1, 1]
45265220; 768; 45; 15; [1, 1]
17599117536; 800; 6; 7; [1, 1]
5214553344; 800; 9; 0; [1, 0]
2199889692; 800; 12; 14; [1, 1]
651819168; 800; 18; 15; [1, 1]
81477396; 800; 36; 30; [1, 1]
7242435200; 810; 8; 8; [1, 1]
905304400; 810; 16; 8; [1, 1]
113163050; 810; 32; 17; [1, 1]
15962918400; 840; 6; 13; [1, 1]
6734356200; 840; 8; 13; [1, 1]
4729753600; 840; 9; 0; [1, 0]
1995364800; 840; 12; 26; [1, 1]
841794525; 840; 16; 13; [1, 1]
591219200; 840; 18; 27; [1, 1]
249420600; 840; 24; 52; [1, 1]
73902400; 840; 36; 54; [1, 1]
31177575; 840; 48; 79; [1, 1]
9237800; 840; 72; 108; [1, 1]
1154725; 840; 144; 164; [1, 1]
3259095840; 864; 10; 10; [1, 1]
407386980; 864; 20; 20; [1, 1]
14029908750; 896; 6; 6; [1, 1]
4157010000; 896; 9; 0; [1, 0]
3030460290; 896; 10; 6; [1, 1]
897914160; 896; 15; 7; [1, 1]
519626250; 896; 18; 13; [1, 1]
112239270; 896; 30; 27; [1, 1]
33256080; 896; 45; 14; [1, 1]
4157010; 896; 90; 56; [1, 1]
13905475584; 900; 6; 10; [1, 1]
5866372512; 900; 8; 10; [1, 1]
1738184448; 900; 12; 20; [1, 1]
733296564; 900; 16; 11; [1, 1]
217273056; 900; 24; 41; [1, 1]
27159132; 900; 48; 64; [1, 1]
5320972800; 945; 8; 7; [1, 1]
665121600; 945; 16; 7; [1, 1]
83140200; 945; 32; 14; [1, 1]
10392525; 945; 64; 22; [1, 1]
12221609400; 960; 6; 11; [1, 1]
3621217600; 960; 9; 0; [1, 0]
1527701175; 960; 12; 22; [1, 1]
452652200; 960; 18; 23; [1, 1]
56581525; 960; 36; 46; [1, 1]
11085360000; 1008; 6; 12; [1, 1]
4676636250; 1008; 8; 12; [1, 1]
2394437760; 1008; 10; 13; [1, 1]
1385670000; 1008; 12; 24; [1, 1]
709463040; 1008; 15; 13; [1, 1]
299304720; 1008; 20; 26; [1, 1]
173208750; 1008; 24; 48; [1, 1]
88682880; 1008; 30; 52; [1, 1]
37413090; 1008; 40; 52; [1, 1]
11085360; 1008; 60; 104; [1, 1]
1385670; 1008; 120; 182; [1, 1]
10216267776; 1050; 6; 9; [1, 1]
4309987968; 1050; 8; 10; [1, 1]
3027042304; 1050; 9; 0; [1, 0]
1277033472; 1050; 12; 19; [1, 1]
538748496; 1050; 16; 10; [1, 1]
378380288; 1050; 18; 19; [1, 1]
159629184; 1050; 24; 40; [1, 1]
67343562; 1050; 32; 21; [1, 1]
47297536; 1050; 36; 40; [1, 1]
19953648; 1050; 48; 61; [1, 1]
5912192; 1050; 72; 83; [1, 1]
2494206; 1050; 96; 94; [1, 1]
739024; 1050; 144; 126; [1, 1]
92378; 1050; 288; 193; [1, 1]
4073869800; 1080; 8; 13; [1, 1]
509233725; 1080; 16; 13; [1, 1]
8979141600; 1120; 6; 10; [1, 1]
2660486400; 1120; 9; 0; [1, 0]
1122392700; 1120; 12; 20; [1, 1]
332560800; 1120; 18; 21; [1, 1]
41570100; 1120; 36; 42; [1, 1]
3695120000; 1134; 8; 8; [1, 1]
1891901440; 1134; 10; 8; [1, 1]
461890000; 1134; 16; 8; [1, 1]
236487680; 1134; 20; 17; [1, 1]
57736250; 1134; 32; 17; [1, 1]
29560960; 1134; 40; 35; [1, 1]
3695120; 1134; 80; 53; [1, 1]
461890; 1134; 160; 81; [1, 1]
8487228750; 1152; 6; 9; [1, 1]
1833241410; 1152; 10; 10; [1, 1]
543182640; 1152; 15; 10; [1, 1]
67897830; 1152; 30; 40; [1, 1]
7821830016; 1200; 6; 12; [1, 1]
3299834538; 1200; 8; 12; [1, 1]
2317579264; 1200; 9; 0; [1, 0]
977728752; 1200; 12; 24; [1, 1]
289697408; 1200; 18; 25; [1, 1]
122216094; 1200; 24; 48; [1, 1]
36212176; 1200; 36; 50; [1, 1]
4526522; 1200; 72; 100; [1, 1]
7094630400; 1260; 6; 15; [1, 1]
2993047200; 1260; 8; 15; [1, 1]
886828800; 1260; 12; 30; [1, 1]
374130900; 1260; 16; 16; [1, 1]
110853600; 1260; 24; 61; [1, 1]
13856700; 1260; 48; 94; [1, 1]
2036934900; 1280; 9; 0; [1, 0]
2829076250; 1296; 8; 9; [1, 1]
1448487040; 1296; 10; 10; [1, 1]
181060880; 1296; 20; 20; [1, 1]
22632610; 1296; 40; 40; [1, 1]
6235515000; 1344; 6; 11; [1, 1]
1847560000; 1344; 9; 0; [1, 0]
1346871240; 1344; 10; 12; [1, 1]
779439375; 1344; 12; 22; [1, 1]
399072960; 1344; 15; 12; [1, 1]
230945000; 1344; 18; 23; [1, 1]
168358905; 1344; 20; 24; [1, 1]
49884120; 1344; 30; 48; [1, 1]
28868125; 1344; 36; 46; [1, 1]
14780480; 1344; 45; 25; [1, 1]
6235515; 1344; 60; 96; [1, 1]
1847560; 1344; 90; 99; [1, 1]
230945; 1344; 180; 198; [1, 1]
2607276672; 1350; 8; 10; [1, 1]
325909584; 1350; 16; 10; [1, 1]
40738698; 1350; 32; 21; [1, 1]
5746650624; 1400; 6; 10; [1, 1]
2424368232; 1400; 8; 9; [1, 1]
1702711296; 1400; 9; 0; [1, 0]
718331328; 1400; 12; 20; [1, 1]
303046029; 1400; 16; 9; [1, 1]
212838912; 1400; 18; 21; [1, 1]
89791416; 1400; 24; 40; [1, 1]
26604864; 1400; 36; 42; [1, 1]
11223927; 1400; 48; 61; [1, 1]
3325608; 1400; 72; 84; [1, 1]
415701; 1400; 144; 127; [1, 1]
5431826400; 1440; 6; 15; [1, 1]
678978300; 1440; 12; 30; [1, 1]
2078505000; 1512; 8; 13; [1, 1]
1064194560; 1512; 10; 14; [1, 1]
259813125; 1512; 16; 13; [1, 1]
133024320; 1512; 20; 28; [1, 1]
16628040; 1512; 40; 56; [1, 1]
2078505; 1512; 80; 85; [1, 1]
1414538125; 1536; 9; 0; [1, 0]
305540235; 1536; 15; 8; [1, 1]
11316305; 1536; 45; 17; [1, 1]
4540563456; 1575; 6; 7; [1, 1]
1915550208; 1575; 8; 8; [1, 1]
567570432; 1575; 12; 15; [1, 1]
239443776; 1575; 16; 8; [1, 1]
70946304; 1575; 24; 31; [1, 1]
29930472; 1575; 32; 16; [1, 1]
8868288; 1575; 48; 48; [1, 1]
3741309; 1575; 64; 25; [1, 1]
1108536; 1575; 96; 73; [1, 1]
138567; 1575; 192; 99; [1, 1]
4399779384; 1600; 6; 8; [1, 1]
1303638336; 1600; 9; 0; [1, 0]
549972423; 1600; 12; 16; [1, 1]
162954792; 1600; 18; 17; [1, 1]
20369349; 1600; 36; 34; [1, 1]
1810608800; 1620; 8; 12; [1, 1]
226326100; 1620; 16; 13; [1, 1]
3990729600; 1680; 6; 17; [1, 1]
1683589050; 1680; 8; 17; [1, 1]
1182438400; 1680; 9; 0; [1, 0]
498841200; 1680; 12; 34; [1, 1]
147804800; 1680; 18; 35; [1, 1]
62355150; 1680; 24; 68; [1, 1]
18475600; 1680; 36; 70; [1, 1]
2309450; 1680; 72; 140; [1, 1]
814773960; 1728; 10; 12; [1, 1]
101846745; 1728; 20; 24; [1, 1]
1039252500; 1792; 9; 0; [1, 0]
224478540; 1792; 15; 8; [1, 1]
8314020; 1792; 45; 16; [1, 1]
3476368896; 1800; 6; 15; [1, 1]
1466593128; 1800; 8; 15; [1, 1]
434546112; 1800; 12; 30; [1, 1]
183324141; 1800; 16; 15; [1, 1]
54318264; 1800; 24; 60; [1, 1]
6789783; 1800; 48; 91; [1, 1]
1330243200; 1890; 8; 14; [1, 1]
166280400; 1890; 16; 14; [1, 1]
20785050; 1890; 32; 29; [1, 1]
3055402350; 1920; 6; 13; [1, 1]
905304400; 1920; 9; 0; [1, 0]
113163050; 1920; 18; 27; [1, 1]
2771340000; 2016; 6; 15; [1, 1]
598609440; 2016; 10; 16; [1, 1]
346417500; 2016; 12; 30; [1, 1]
177365760; 2016; 15; 16; [1, 1]
74826180; 2016; 20; 32; [1, 1]
22170720; 2016; 30; 64; [1, 1]
2771340; 2016; 60; 128; [1, 1]
1158789632; 2025; 8; 6; [1, 1]
144848704; 2025; 16; 6; [1, 1]
18106088; 2025; 32; 12; [1, 1]
2263261; 2025; 64; 19; [1, 1]
2554066944; 2100; 6; 15; [1, 1]
1077496992; 2100; 8; 15; [1, 1]
756760576; 2100; 9; 0; [1, 0]
319258368; 2100; 12; 30; [1, 1]
134687124; 2100; 16; 16; [1, 1]
94595072; 2100; 18; 31; [1, 1]
39907296; 2100; 24; 61; [1, 1]
11824384; 2100; 36; 62; [1, 1]
4988412; 2100; 48; 94; [1, 1]
1478048; 2100; 72; 126; [1, 1]
184756; 2100; 144; 193; [1, 1]
1018467450; 2160; 8; 17; [1, 1]
2244785400; 2240; 6; 12; [1, 1]
665121600; 2240; 9; 0; [1, 0]
280598175; 2240; 12; 24; [1, 1]
83140200; 2240; 18; 25; [1, 1]
10392525; 2240; 36; 50; [1, 1]
923780000; 2268; 8; 12; [1, 1]
472975360; 2268; 10; 13; [1, 1]
115472500; 2268; 16; 13; [1, 1]
59121920; 2268; 20; 26; [1, 1]
7390240; 2268; 40; 53; [1, 1]
923780; 2268; 80; 81; [1, 1]
135795660; 2304; 15; 11; [1, 1]
1955457504; 2400; 6; 15; [1, 1]
579394816; 2400; 9; 0; [1, 0]
244432188; 2400; 12; 30; [1, 1]
72424352; 2400; 18; 31; [1, 1]
9053044; 2400; 36; 62; [1, 1]
1773657600; 2520; 6; 21; [1, 1]
748261800; 2520; 8; 21; [1, 1]
221707200; 2520; 12; 42; [1, 1]
93532725; 2520; 16; 21; [1, 1]
27713400; 2520; 24; 84; [1, 1]
3464175; 2520; 48; 127; [1, 1]
509233725; 2560; 9; 0; [1, 0]
362121760; 2592; 10; 13; [1, 1]
45265220; 2592; 20; 26; [1, 1]
1558878750; 2688; 6; 13; [1, 1]
461890000; 2688; 9; 0; [1, 0]
336717810; 2688; 10; 14; [1, 1]
99768240; 2688; 15; 14; [1, 1]
57736250; 2688; 18; 27; [1, 1]
12471030; 2688; 30; 56; [1, 1]
3695120; 2688; 45; 29; [1, 1]
461890; 2688; 90; 115; [1, 1]
651819168; 2700; 8; 15; [1, 1]
81477396; 2700; 16; 16; [1, 1]
1436662656; 2800; 6; 13; [1, 1]
606092058; 2800; 8; 12; [1, 1]
425677824; 2800; 9; 0; [1, 0]
179582832; 2800; 12; 26; [1, 1]
53209728; 2800; 18; 27; [1, 1]
22447854; 2800; 24; 52; [1, 1]
6651216; 2800; 36; 54; [1, 1]
831402; 2800; 72; 108; [1, 1]
591219200; 2835; 8; 9; [1, 1]
73902400; 2835; 16; 9; [1, 1]
9237800; 2835; 32; 18; [1, 1]
1154725; 2835; 64; 28; [1, 1]
1357956600; 2880; 6; 18; [1, 1]
169744575; 2880; 12; 36; [1, 1]
519626250; 3024; 8; 17; [1, 1]
266048640; 3024; 10; 18; [1, 1]
33256080; 3024; 20; 36; [1, 1]
4157010; 3024; 40; 72; [1, 1]
1135140864; 3150; 6; 15; [1, 1]
478887552; 3150; 8; 16; [1, 1]
141892608; 3150; 12; 31; [1, 1]
59860944; 3150; 16; 16; [1, 1]
17736576; 3150; 24; 64; [1, 1]
7482618; 3150; 32; 33; [1, 1]
2217072; 3150; 48; 97; [1, 1]
277134; 3150; 96; 148; [1, 1]
1099944846; 3200; 6; 10; [1, 1]
325909584; 3200; 9; 0; [1, 0]
40738698; 3200; 18; 21; [1, 1]
452652200; 3240; 8; 17; [1, 1]
56581525; 3240; 16; 17; [1, 1]
997682400; 3360; 6; 21; [1, 1]
295609600; 3360; 9; 0; [1, 0]
124710300; 3360; 12; 42; [1, 1]
36951200; 3360; 18; 43; [1, 1]
4618900; 3360; 36; 86; [1, 1]
203693490; 3456; 10; 14; [1, 1]
259813125; 3584; 9; 0; [1, 0]
56119635; 3584; 15; 9; [1, 1]
2078505; 3584; 45; 18; [1, 1]
869092224; 3600; 6; 19; [1, 1]
366648282; 3600; 8; 19; [1, 1]
108636528; 3600; 12; 38; [1, 1]
13579566; 3600; 24; 76; [1, 1]
332560800; 3780; 8; 21; [1, 1]
41570100; 3780; 16; 22; [1, 1]
226326100; 3840; 9; 0; [1, 0]
692835000; 4032; 6; 18; [1, 1]
149652360; 4032; 10; 19; [1, 1]
86604375; 4032; 12; 36; [1, 1]
44341440; 4032; 15; 19; [1, 1]
18706545; 4032; 20; 38; [1, 1]
5542680; 4032; 30; 76; [1, 1]
692835; 4032; 60; 152; [1, 1]
289697408; 4050; 8; 13; [1, 1]
36212176; 4050; 16; 13; [1, 1]
4526522; 4050; 32; 27; [1, 1]
638516736; 4200; 6; 21; [1, 1]
269374248; 4200; 8; 21; [1, 1]
189190144; 4200; 9; 0; [1, 0]
79814592; 4200; 12; 42; [1, 1]
33671781; 4200; 16; 21; [1, 1]
23648768; 4200; 18; 43; [1, 1]
9976824; 4200; 24; 84; [1, 1]
2956096; 4200; 36; 86; [1, 1]
1247103; 4200; 48; 127; [1, 1]
369512; 4200; 72; 172; [1, 1]
46189; 4200; 144; 260; [1, 1]
561196350; 4480; 6; 14; [1, 1]
166280400; 4480; 9; 0; [1, 0]
20785050; 4480; 18; 29; [1, 1]
230945000; 4536; 8; 17; [1, 1]
118243840; 4536; 10; 18; [1, 1]
28868125; 4536; 16; 17; [1, 1]
14780480; 4536; 20; 36; [1, 1]
1847560; 4536; 40; 72; [1, 1]
230945; 4536; 80; 109; [1, 1]
33948915; 4608; 15; 13; [1, 1]
212838912; 4725; 8; 11; [1, 1]
26604864; 4725; 16; 11; [1, 1]
3325608; 4725; 32; 22; [1, 1]
415701; 4725; 64; 34; [1, 1]
488864376; 4800; 6; 18; [1, 1]
144848704; 4800; 9; 0; [1, 0]
61108047; 4800; 12; 36; [1, 1]
18106088; 4800; 18; 37; [1, 1]
2263261; 4800; 36; 74; [1, 1]
443414400; 5040; 6; 27; [1, 1]
187065450; 5040; 8; 27; [1, 1]
55426800; 5040; 12; 54; [1, 1]
6928350; 5040; 24; 108; [1, 1]
90530440; 5184; 10; 15; [1, 1]
11316305; 5184; 20; 30; [1, 1]
115472500; 5376; 9; 0; [1, 0]
24942060; 5376; 15; 16; [1, 1]
923780; 5376; 45; 33; [1, 1]
162954792; 5400; 8; 21; [1, 1]
20369349; 5400; 16; 21; [1, 1]
359165664; 5600; 6; 16; [1, 1]
106419456; 5600; 9; 0; [1, 0]
44895708; 5600; 12; 32; [1, 1]
13302432; 5600; 18; 33; [1, 1]
1662804; 5600; 36; 66; [1, 1]
147804800; 5670; 8; 18; [1, 1]
18475600; 5670; 16; 18; [1, 1]
2309450; 5670; 32; 37; [1, 1]
339489150; 5760; 6; 21; [1, 1]
66512160; 6048; 10; 22; [1, 1]
8314020; 6048; 20; 44; [1, 1]
283785216; 6300; 6; 24; [1, 1]
119721888; 6300; 8; 24; [1, 1]
35473152; 6300; 12; 48; [1, 1]
14965236; 6300; 16; 25; [1, 1]
4434144; 6300; 24; 97; [1, 1]
554268; 6300; 48; 148; [1, 1]
81477396; 6400; 9; 0; [1, 0]
113163050; 6480; 8; 22; [1, 1]
249420600; 6720; 6; 25; [1, 1]
73902400; 6720; 9; 0; [1, 0]
31177575; 6720; 12; 50; [1, 1]
9237800; 6720; 18; 51; [1, 1]
1154725; 6720; 36; 102; [1, 1]
217273056; 7200; 6; 24; [1, 1]
27159132; 7200; 12; 48; [1, 1]
83140200; 7560; 8; 29; [1, 1]
10392525; 7560; 16; 29; [1, 1]
56581525; 7680; 9; 0; [1, 0]
173208750; 8064; 6; 21; [1, 1]
37413090; 8064; 10; 22; [1, 1]
11085360; 8064; 15; 22; [1, 1]
1385670; 8064; 30; 88; [1, 1]
72424352; 8100; 8; 19; [1, 1]
9053044; 8100; 16; 20; [1, 1]
159629184; 8400; 6; 27; [1, 1]
67343562; 8400; 8; 27; [1, 1]
47297536; 8400; 9; 0; [1, 0]
19953648; 8400; 12; 54; [1, 1]
5912192; 8400; 18; 55; [1, 1]
2494206; 8400; 24; 108; [1, 1]
739024; 8400; 36; 110; [1, 1]
92378; 8400; 72; 220; [1, 1]
41570100; 8960; 9; 0; [1, 0]
57736250; 9072; 8; 22; [1, 1]
29560960; 9072; 10; 23; [1, 1]
3695120; 9072; 20; 46; [1, 1]
461890; 9072; 40; 92; [1, 1]
53209728; 9450; 8; 22; [1, 1]
6651216; 9450; 16; 22; [1, 1]
831402; 9450; 32; 45; [1, 1]
122216094; 9600; 6; 21; [1, 1]
36212176; 9600; 9; 0; [1, 0]
4526522; 9600; 18; 43; [1, 1]
110853600; 10080; 6; 33; [1, 1]
13856700; 10080; 12; 66; [1, 1]
22632610; 10368; 10; 18; [1, 1]
28868125; 10752; 9; 0; [1, 0]
6235515; 10752; 15; 18; [1, 1]
230945; 10752; 45; 37; [1, 1]
40738698; 10800; 8; 27; [1, 1]
89791416; 11200; 6; 19; [1, 1]
26604864; 11200; 9; 0; [1, 0]
11223927; 11200; 12; 38; [1, 1]
3325608; 11200; 18; 39; [1, 1]
415701; 11200; 36; 78; [1, 1]
36951200; 11340; 8; 27; [1, 1]
4618900; 11340; 16; 28; [1, 1]
16628040; 12096; 10; 26; [1, 1]
2078505; 12096; 20; 52; [1, 1]
70946304; 12600; 6; 33; [1, 1]
29930472; 12600; 8; 33; [1, 1]
8868288; 12600; 12; 66; [1, 1]
3741309; 12600; 16; 33; [1, 1]
1108536; 12600; 24; 132; [1, 1]
138567; 12600; 48; 199; [1, 1]
20369349; 12800; 9; 0; [1, 0]
62355150; 13440; 6; 29; [1, 1]
18475600; 13440; 9; 0; [1, 0]
2309450; 13440; 18; 59; [1, 1]
23648768; 14175; 8; 14; [1, 1]
2956096; 14175; 16; 14; [1, 1]
369512; 14175; 32; 28; [1, 1]
46189; 14175; 64; 43; [1, 1]
54318264; 14400; 6; 28; [1, 1]
6789783; 14400; 12; 56; [1, 1]
20785050; 15120; 8; 37; [1, 1]
2771340; 16128; 15; 25; [1, 1]
18106088; 16200; 8; 27; [1, 1]
2263261; 16200; 16; 27; [1, 1]
39907296; 16800; 6; 33; [1, 1]
11824384; 16800; 9; 0; [1, 0]
4988412; 16800; 12; 66; [1, 1]
1478048; 16800; 18; 67; [1, 1]
184756; 16800; 36; 134; [1, 1]
10392525; 17920; 9; 0; [1, 0]
7390240; 18144; 10; 28; [1, 1]
923780; 18144; 20; 56; [1, 1]
13302432; 18900; 8; 33; [1, 1]
1662804; 18900; 16; 34; [1, 1]
9053044; 19200; 9; 0; [1, 0]
27713400; 20160; 6; 39; [1, 1]
3464175; 20160; 12; 78; [1, 1]
22447854; 22400; 6; 22; [1, 1]
6651216; 22400; 9; 0; [1, 0]
831402; 22400; 18; 45; [1, 1]
9237800; 22680; 8; 37; [1, 1]
1154725; 22680; 16; 37; [1, 1]
4157010; 24192; 10; 30; [1, 1]
17736576; 25200; 6; 42; [1, 1]
7482618; 25200; 8; 42; [1, 1]
2217072; 25200; 12; 84; [1, 1]
277134; 25200; 24; 168; [1, 1]
4618900; 26880; 9; 0; [1, 0]
5912192; 28350; 8; 28; [1, 1]
739024; 28350; 16; 28; [1, 1]
92378; 28350; 32; 57; [1, 1]
13579566; 28800; 6; 33; [1, 1]
692835; 32256; 15; 28; [1, 1]
4526522; 32400; 8; 34; [1, 1]
9976824; 33600; 6; 39; [1, 1]
2956096; 33600; 9; 0; [1, 0]
1247103; 33600; 12; 78; [1, 1]
369512; 33600; 18; 79; [1, 1]
46189; 33600; 36; 158; [1, 1]
1847560; 36288; 10; 33; [1, 1]
230945; 36288; 20; 66; [1, 1]
3325608; 37800; 8; 45; [1, 1]
415701; 37800; 16; 45; [1, 1]
2263261; 38400; 9; 0; [1, 0]
6928350; 40320; 6; 45; [1, 1]
1662804; 44800; 9; 0; [1, 0]
2309450; 45360; 8; 47; [1, 1]
4434144; 50400; 6; 51; [1, 1]
554268; 50400; 12; 102; [1, 1]
1154725; 53760; 9; 0; [1, 0]
1478048; 56700; 8; 42; [1, 1]
184756; 56700; 16; 43; [1, 1]
2494206; 67200; 6; 45; [1, 1]
739024; 67200; 9; 0; [1, 0]
92378; 67200; 18; 91; [1, 1]
461890; 72576; 10; 38; [1, 1]
831402; 75600; 8; 57; [1, 1]
415701; 89600; 9; 0; [1, 0]
1108536; 100800; 6; 60; [1, 1]
138567; 100800; 12; 120; [1, 1]
369512; 113400; 8; 57; [1, 1]
46189; 113400; 16; 57; [1, 1]
184756; 134400; 9; 0; [1, 0]
277134; 201600; 6; 69; [1, 1]
92378; 226800; 8; 72; [1, 1]
46189; 268800; 9; 0; [1, 0]
